Qx = 45.5375300000133
Qy = 43.58697000000201
